0	B-	0	0
3.75 	6+	0.25 	60
4.00 	6+	0.25 	60
4.25 	7+	0.25 	60
4.50 	7+	0.25 	60
4.75 	1++	0.25 	60
5.00 	1++	0.25 	65
5.25 	7+	0.25 	70
5.50 	7+	0.25 	75
5.75 	6+	0.25 	80
6.00 	6+	0.25 	85
6.25 	3+	0.25 	90
6.50 	3+	0.25 	95
6.75 	1+	0.25 	100
7.00 	1+	0.25 	100
7.25 	6	0.25 	100
7.50 	6	0.25 	100
7.75 	5+	0.25 	100
8.00 	5+	0.25 	96
8.25 	4+	0.25 	92
8.50 	4+	0.25 	88
8.75 	3+	0.25 	84
9.00 	4+	0.25 	80
9.25 	5+	0.25 	80
9.50 	4+	1.50 	80

0.0 	6--	0.5	50
0.5 	3-	0.5	50
1.0 	1	0.5	50
1.5 	3-	0.5	50
2.0 	1	0.5	50
2.5 	3-	0.5	50
3.0 	1	0.5	50
3.5 	3-	0.5	50
4.0 	6--	0.5	50
4.5 	3-	0.5	50
5.0 	1	0.5	55
5.5 	3-	0.5	65
6.0 	1	0.5	75
6.5 	3-	0.5	85
7.0 	1	0.5	90
7.5 	3-	0.5	90
8.0 	2-	0.5	86
8.5 	6-	0.5	78
9.0 	4	0.5	70
9.5 	6-	0.5	70
10.0 	4	0.5	70
10.5 	6-	0.5	70
11.0 	5--	0.5	70
